CACHE type 5 produced by analog 6.0/Unix. Do not modify or delete!
T	0	0	1184	16	18	48	1176929
D	26696759	26829531
18539	119	6	0	540
18539	120	18	0	8029
18539	122	16	0	6625
18539	123	18	0	13897
18539	124	5	0	3779
18539	125	9	0	6423
18539	126	8	0	4892
18539	127	5	0	3539
18539	128	11	0	6531
18539	129	12	0	7137
18539	130	4	0	3514
18539	131	4	0	2320
18539	132	8	0	10978
18539	133	23	0	20314
18539	134	37	0	24506
18539	135	16	2	11658
18539	136	16	0	10315
18539	137	20	0	13073
18539	138	4	0	2320
18539	139	4	0	2309
18539	140	1	0	623
18539	141	3	0	1750
18539	142	3	0	1689
18539	150	1	0	561
18539	151	3	0	1913
18539	152	7	0	4462
18539	153	1	0	1631
18539	154	1	0	821
18539	155	11	0	9310
18539	158	5	0	5445
18539	173	11	0	10655
18539	174	21	0	19691
18539	175	17	0	14858
18539	176	1	0	565
18539	186	10	0	2149
18539	187	1	0	1206
18539	264	8	0	5501
18539	272	4	0	1609
18540	193	1	1	101
18542	114	1	0	1476
18542	120	1	0	561
18542	121	6	0	4285
18542	122	12	0	15882
18542	123	3	0	4534
18542	124	15	0	14882
18542	125	6	0	8856
18542	126	1	0	1476
18542	128	12	0	11307
18542	129	11	0	13491
18542	130	1	0	1454
18542	132	1	0	1454
18542	134	2	0	2952
18542	137	1	0	1476
18542	139	1	0	1479
18542	141	1	0	1454
18542	142	3	0	4362
18542	143	1	0	1479
18542	144	1	0	1454
18542	146	1	0	1454
18542	147	2	0	2908
18542	149	1	0	1454
18542	151	1	0	1454
18542	156	1	0	1454
18542	160	1	0	1454
18542	162	9	0	6885
18542	163	12	0	9486
18542	164	6	0	7881
18542	166	1	0	1454
18542	167	1	0	1454
18542	168	1	0	1454
18542	170	1	0	1454
18542	172	1	0	1454
18542	173	1	0	1454
18542	174	1	0	1454
18542	176	2	0	2908
18542	177	2	0	2908
18542	178	1	0	1454
18542	183	2	0	2908
18542	184	2	0	2908
18542	185	3	0	4362
18542	188	1	0	1454
18542	190	1	0	1454
18542	194	1	0	1454
18542	203	1	0	1454
18542	205	3	0	4362
18542	215	1	0	1454
18542	226	1	0	1479
18542	231	1	0	1479
18542	234	1	0	1454
18542	236	1	0	1479
18542	239	1	0	1454
18542	243	1	0	1454
18542	244	1	0	1454
18542	275	2	0	2933
18542	283	1	0	1454
18542	287	1	0	1454
18543	114	1	0	1454
18543	115	2	0	2908
18543	116	1	0	1479
18543	118	1	0	1454
18543	119	2	0	2933
18543	129	1	0	1479
18543	130	1	0	1454
18543	132	1	0	1454
18543	133	1	0	1479
18543	134	2	0	2908
18543	136	3	0	4387
18543	139	1	0	1454
18543	140	1	0	1479
18543	142	1	0	1454
18543	143	1	0	1454
18543	144	4	0	5816
18543	149	1	0	1454
18543	150	1	0	1454
18543	152	1	0	1454
18543	153	2	0	2908
18543	154	2	0	2908
18543	155	2	0	2908
18543	156	2	0	2908
18543	157	1	0	1454
18543	158	2	0	2908
18543	195	4	0	5816
18543	200	1	0	1454
18543	202	1	0	1454
18543	204	1	0	1454
18543	223	1	0	1454
18543	236	1	0	1454
18543	237	1	0	1454
18543	238	2	0	2908
18543	243	1	0	1454
18543	249	1	0	1454
18543	264	1	0	1454
18543	271	1	0	1479
18543	272	1	0	1454
18543	283	1	0	1454
18544	103	1	0	1454
18544	129	1	0	1454
18544	137	1	0	1454
18544	167	1	0	1454
18544	180	1	0	1454
18544	184	1	0	1454
18544	191	1	0	1454
18544	212	1	0	1454
18545	110	1	0	1454
18545	136	2	0	2908
18545	206	1	0	1454
18545	239	1	0	1454
18545	261	1	0	1454
18546	1	1	0	1454
18546	128	1	0	1454
18546	139	1	0	1454
18546	156	1	0	1454
18546	171	1	0	1454
18546	172	1	0	1454
18546	193	1	0	1454
18546	194	1	0	1454
18546	234	1	0	1454
18546	249	1	0	1454
18546	279	1	0	1454
18547	126	1	0	1454
18547	135	2	0	2908
18547	159	1	0	1454
18547	165	1	0	1454
18547	217	1	0	1454
18547	238	1	0	1454
18547	246	1	0	1454
18547	247	1	0	1454
18547	248	1	0	1454
18547	259	2	0	2908
18548	114	2	0	2908
18548	118	1	0	1454
18548	125	1	0	1454
18548	127	1	0	1454
18548	128	1	0	1454
18548	161	1	0	1454
18548	165	1	0	1454
18548	171	1	0	1454
18548	173	1	0	1454
18548	186	1	0	1454
18548	191	1	0	1454
18548	219	1	0	1454
18548	220	1	0	1454
18548	227	1	0	1454
18548	262	1	0	1454
18549	7	1	0	1454
18549	19	1	0	1454
18549	141	1	0	1454
18549	169	1	0	1454
18549	183	2	0	2908
18549	185	1	0	1454
18549	188	2	0	2908
18549	189	1	0	1454
18549	192	1	0	1454
18549	195	1	0	1454
18549	215	1	0	1454
18549	231	1	0	1454
18549	234	1	0	1454
18549	254	2	0	2908
18549	270	1	0	1454
18549	281	1	0	1454
18549	286	1	0	1454
18550	8	1	0	1454
18550	94	1	0	1454
18550	105	1	0	1454
18550	114	1	0	1454
18550	133	1	0	1479
18550	134	2	0	2933
18550	151	1	0	1454
18550	157	1	0	1454
18550	175	1	0	1454
18550	185	1	0	1479
18550	186	1	0	1479
18550	205	1	0	1454
18550	218	1	0	1454
18550	251	1	0	1454
18551	10	1	0	1454
18551	96	1	0	1454
18551	127	1	0	1454
18551	142	1	0	1454
18551	154	1	0	1454
18551	192	1	0	1454
18551	219	1	0	1454
18551	220	2	0	2908
18551	222	1	0	1454
18551	242	1	0	1454
18551	249	2	0	2908
18551	250	1	0	1454
18551	251	1	0	1454
18551	252	1	0	1454
18551	254	1	0	1454
18552	134	1	0	1454
18552	228	1	0	1454
18552	254	1	0	1454
18553	258	1	0	1454
18554	143	1	0	1454
18554	145	1	0	1454
18554	147	1	0	1454
18554	180	1	0	1454
18554	210	1	0	1454
18554	223	1	0	1454
18554	235	1	0	1454
18555	207	1	0	1454
18555	214	2	0	2908
18555	215	1	0	1454
18555	216	1	0	1454
18555	226	2	0	2908
18555	230	1	0	1454
18555	237	1	0	1454
18555	243	1	0	1454
18555	249	1	0	1454
18556	118	1	0	1454
18556	130	2	0	2908
18556	131	2	0	2933
18556	134	1	0	1479
18556	135	2	0	2958
18556	136	1	0	1479
18556	137	4	0	5916
18556	139	11	0	16194
18556	140	1	0	1479
18556	143	3	0	4437
18556	146	2	0	2933
18556	147	2	0	2958
18556	148	3	0	4437
18556	149	1	0	1479
18556	150	2	0	2958
18556	151	3	0	4437
18556	152	5	0	7370
18556	153	2	0	2958
18556	155	6	0	8849
18556	156	2	0	2958
18556	157	2	0	2908
18556	159	6	0	8724
18556	171	5	0	7270
18556	172	1	0	1454
18556	176	1	0	1454
18556	195	5	0	7270
18556	196	1	0	1454
18556	197	1	0	1454
18556	205	2	0	2908
18556	207	3	0	4362
18556	215	1	0	1454
18556	240	1	0	1454
18556	252	1	0	1454
18556	254	1	0	1454
18556	262	1	0	1454
18556	276	1	0	1454
18557	109	1	0	1454
18557	113	1	0	1454
18557	114	1	0	1454
18557	115	1	0	1454
18557	116	2	0	2908
18557	117	1	0	1454
18557	148	1	0	1454
18557	181	1	0	1454
18557	184	1	0	1454
18557	208	1	0	1454
18557	222	1	0	1454
18557	244	1	0	1454
18558	9	1	0	1454
18558	35	1	0	1454
18558	105	1	0	1454
18558	162	1	0	1454
18558	163	1	0	1454
18558	195	1	0	1454
18558	197	1	0	1454
18558	233	1	0	1454
18559	13	1	0	1454
18559	160	1	0	1454
18559	161	1	0	1454
18559	211	1	0	1454
18559	239	1	0	1454
18560	89	1	0	1454
18561	252	1	0	1454
18561	260	1	0	1454
18561	287	1	0	1454
18563	64	2	0	202
18563	99	1	0	1454
18563	238	1	0	1454
18564	8	1	0	1454
18564	21	1	0	1454
18564	119	1	0	1454
18564	129	1	0	1454
18564	166	1	0	1454
18564	189	1	0	1479
18564	203	1	0	1454
18564	209	1	0	1454
18564	234	1	0	1454
18564	266	1	0	1454
18565	84	1	0	1454
18565	95	1	0	1454
18565	108	1	0	1454
18565	126	1	0	1454
18565	250	1	0	1454
18566	156	1	0	1454
18566	167	1	0	1454
18566	251	1	0	1454
18567	101	1	0	1454
18567	176	1	0	1454
18567	178	1	0	1454
18568	19	1	0	1454
18568	133	1	0	1454
18568	149	1	0	1454
18568	185	1	0	1454
18569	134	1	0	1454
18569	189	1	0	1454
18569	191	1	0	1454
18569	252	1	0	1454
18569	268	1	0	1454
18569	276	1	0	1454
18570	126	1	0	1454
18570	252	1	0	1454
18571	161	1	0	1454
18571	185	2	0	2908
18571	188	2	0	2908
18571	235	1	0	1454
18572	4	1	0	1454
18572	138	1	0	1188
18572	247	1	0	1188
18573	1	1	0	1188
18573	167	1	0	1188
18574	19	1	0	1188
18574	46	1	1	101
18574	165	1	0	1188
18574	173	1	0	1188
18574	176	1	0	1188
18574	214	1	0	1188
18574	230	1	0	1188
18574	276	1	0	1188
18574	278	1	0	1188
18575	129	1	0	1188
18575	189	1	0	1188
18576	118	1	0	1188
18576	125	1	0	1188
18576	128	2	0	2376
18576	129	2	0	819
18576	132	3	0	3091
18576	133	3	0	1368
18576	134	7	0	6958
18576	135	3	0	1683
18576	137	2	0	1122
18576	138	4	0	2845
18576	140	1	0	561
18576	141	6	0	3420
18576	142	4	0	3211
18576	162	1	0	561
18576	163	3	0	1683
18576	168	1	0	561
18576	191	4	0	2244
18576	198	1	0	561
18576	199	1	0	561
18576	200	1	0	561
18576	201	2	0	1122
18576	211	1	0	561
18576	270	1	0	561
18577	112	2	0	1122
18577	123	1	0	561
18577	133	1	0	561
18577	188	1	0	561
18577	191	1	0	561
18577	274	1	0	561
18578	130	2	0	1122
18578	150	1	0	561
18578	167	1	0	561
18578	168	1	0	561
18578	178	5	0	450
18578	179	2	0	1422
18578	181	1	0	561
18578	209	1	0	561
18578	216	1	0	561
18578	237	1	0	561
18578	269	2	0	1122
18578	270	1	0	561
18579	104	1	0	561
18579	105	1	0	561
18579	108	1	0	561
18579	136	2	0	1122
18579	151	1	0	561
18579	203	1	0	561
18579	240	1	0	561
18580	109	1	0	561
18580	159	1	0	561
18580	162	1	0	561
18580	167	1	0	561
18580	172	1	0	561
18580	178	1	0	561
18580	179	1	0	561
18580	197	1	0	561
18580	198	1	0	561
18580	233	1	0	561
18580	265	1	0	561
18580	285	1	0	561
18581	0	1	1	0
18581	124	1	0	561
18581	129	1	0	561
18581	141	1	0	561
18581	148	1	0	561
18581	194	1	0	561
18582	5	1	0	561
18582	155	1	0	561
18582	156	1	0	561
18582	157	1	0	561
18582	223	1	0	561
18582	226	1	0	561
18582	238	1	0	561
18582	275	1	0	561
18582	277	1	0	561
18582	285	1	0	561
18583	109	1	0	561
18583	123	1	0	561
18583	128	1	0	561
18583	146	1	0	561
18583	147	1	0	561
18583	149	1	0	561
18583	158	1	0	561
18583	160	1	0	561
18583	161	1	0	561
18583	168	1	0	561
18583	176	1	0	561
18583	179	1	0	561
18583	222	1	0	561
18583	253	1	0	561
18583	274	1	0	561
18584	15	1	0	561
18584	207	1	0	561
18584	227	1	0	561
18584	249	1	0	561
18584	251	1	0	561
18584	261	1	0	561
18585	166	1	0	561
18585	170	1	0	561
18585	174	1	0	561
18585	175	2	0	1122
18585	193	1	0	561
18585	194	1	0	561
18585	230	1	0	561
18585	281	2	0	1122
18585	284	1	0	561
18586	2	1	0	561
18586	9	1	0	561
18586	177	1	0	561
18586	187	1	0	561
18586	266	1	0	561
18587	134	1	0	561
18587	150	1	0	561
18587	198	1	0	561
18587	213	1	0	561
18587	257	1	0	561
18588	121	1	0	561
18588	122	1	0	561
18588	199	1	0	561
18588	220	1	0	561
18588	221	1	0	561
18588	264	1	0	561
18588	270	1	0	561
18589	223	1	0	561
18589	261	1	0	561
18590	149	1	0	561
18590	152	1	0	561
18590	160	1	0	561
18590	169	1	0	561
18590	228	1	0	561
18590	253	1	0	561
18591	164	1	0	561
18591	210	1	0	561
18591	270	1	1	0
18592	196	1	0	561
18592	213	4	0	2244
18592	216	1	0	561
18592	217	2	0	1122
18592	218	3	0	1683
18592	223	4	0	2244
18592	224	4	0	2244
18592	226	1	0	561
18592	261	1	0	561
18593	111	29	0	17301
18593	112	1	0	1476
18593	167	1	0	561
18593	183	1	0	561
18594	168	1	0	561
18594	183	1	0	561
18594	208	1	0	561
18595	155	1	0	561
18595	163	1	0	1476
18595	164	1	0	1476
18595	168	1	0	1476
18595	169	10	0	14760
18595	170	4	0	5904
18595	174	2	0	2952
18595	176	4	0	5904
18595	197	1	0	561
18595	252	1	0	1476
18596	99	2	0	2952
18596	100	1	0	1476
18596	110	1	0	561
18596	152	1	0	1476
18596	188	1	0	561
18596	208	1	0	561
18596	252	1	0	561
18597	5	1	0	561
18597	140	1	0	1476
18597	175	1	0	1476
18597	199	1	0	561
18597	240	1	0	561
18600	127	1	0	561
18600	201	1	0	1476
18600	214	1	0	561
18601	197	1	1	101
18602	227	1	0	1476
18602	258	1	0	1476
18602	259	1	0	1476
18602	269	1	0	561
18602	280	1	0	1476
18603	107	1	1	0
18603	201	1	0	561
18603	220	1	0	1476
18603	228	1	0	561
18603	230	1	0	561
18604	71	1	1	101
18604	177	1	0	1476
18604	228	1	0	1476
18605	215	1	0	1476
18606	135	1	0	1476
18606	173	1	0	1476
18606	285	1	0	1476
18607	7	1	0	1476
18608	265	1	0	1476
18609	5	1	1	0
18609	227	1	1	101
18609	266	1	0	1476
18609	282	1	0	561
18610	160	1	0	561
18611	108	1	0	561
18611	116	1	0	561
18611	121	1	0	1476
18612	170	1	1	101
18613	201	1	0	561
18613	242	1	0	561
18613	258	1	0	1476
18614	27	1	0	1476
18614	155	1	0	1476
18614	264	1	1	101
18615	198	1	0	1476
18615	232	2	0	2952
18617	108	1	1	0
18618	6	1	0	561
18628	228	1	1	0
18628	242	1	1	0
1	1	0	0	0	26750106	0	0	26750106	0	0	90	/WalletList/WalletService?Mobile=09221560732
1	0	0	0	3	0	0	26750092	0	0	26750091	0	/WalletService?token=test
1	1	1	0	0	26698565	0	0	26698565	0	0	101	/?5.237.118.12
1	1	0	0	0	26753215	0	0	26753215	0	0	861	/WalletService?wsdl&Mobile=09221560732&token=test
1	3	0	0	0	26753213	0	0	26753213	0	0	270	/WalletList?wsdl
1	0	0	0	1	0	0	26750097	0	0	26750097	0	/WalletService?test
1	1	0	0	0	26731043	0	0	26731043	0	0	101	/robots.txt?213.108.240.92
1	2	0	0	0	26750105	0	0	26750104	0	0	180	/WalletService/WalletList?Mobile=09221560732
1	0	0	0	1	0	0	26750093	0	0	26750093	0	/WalletService?Mobile=09376830230?token=test
1	0	0	1	0	0	26731042	0	0	26731042	0	0	/wp-login.php
1	1	0	0	0	26750102	0	0	26750102	0	0	1813	/WalletService?Mobile=09221560732
1	10	10	11	0	26825530	26805492	0	26696835	26698572	0	382	/
1	0	0	0	1	0	0	26750099	0	0	26750099	0	/WalletService?wsdl=
1	1	0	0	0	26731043	0	0	26731043	0	0	101	/wp-login
1	220	0	0	9	26750086	0	26750088	26696771	0	26696780	160597	/CustomerService?wsdl
1	12	0	0	1	26696771	0	26696760	26696759	0	26696760	8575	/CustomerService
1	10	0	4	0	26750087	26788744	0	26696771	26698623	0	997	/main.php
1	0	0	0	2	0	0	26750093	0	0	26750093	0	/WalletService
1	1	0	0	0	26753214	0	0	26753214	0	0	90	/WalletList?wsdl&Mobile=09221560732&token=test
1	1	1	0	1	26825463	0	26816325	26825463	0	26816325	0	/?195.154.62.232
1	4	4	1	1	26805482	26808521	26817918	26786428	26808521	26817918	404	/?192.95.30.65
1	26	0	0	0	26697522	0	0	26696759	0	0	2746	/favicon.ico
1	0	0	0	2	0	0	26727088	0	0	26727088	0	/.git/config
1	0	0	1	0	0	26788688	0	0	26788688	0	0	/main
1	0	0	0	5	0	0	26753200	0	0	26750106	0	/WalletService?wsdl?Mobile=09221560732
1	1	0	0	0	26753212	0	0	26753212	0	0	90	/WalletHistory?wsdl
1	888	0	0	21	26809953	0	26829531	26696914	0	26696915	999531	/WalletService?wsdl
2	1	0	0	0	26696827	0	0	26696827	0	0	959	userdname
2	10	0	0	0	26696837	0	0	26696834	0	0	9878	1234
2	1	0	0	0	26696827	0	0	26696827	0	0	959	username
3	1	0	0	0	26697093	0	0	26697093	0	0	90	https://api.negaclub.ir//CustomerService?wsdl
3	14	0	0	0	26696771	0	0	26696759	0	0	1666	https://api.negaclub.ir/CustomerService
3	3	0	0	0	26697521	0	0	26697031	0	0	270	https://api.negaclub.ir/WalletService?wsdl
3	2	0	0	0	26697094	0	0	26697094	0	0	180	https://api.negaclub.ir//WalletService?wsdl
3	6	0	0	0	26697522	0	0	26696771	0	0	540	https://api.negaclub.ir/CustomerService?wsdl
4	6	0	0	4	26753215	0	26753200	26753212	0	26751936	1311	PostmanRuntime/7.26.7
4	2	0	0	0	26750087	0	0	26750086	0	0	819	Apache-HttpClient/4.5.2 (Java/12.0.1)
4	4	0	0	17	26750106	0	26750106	26750102	0	26750083	2083	PostmanRuntime/7.26.4
4	2	0	1	0	26731043	26731042	0	26731043	26731042	0	202	Mozilla/5.0 (Windows NT 10.0; WOW64) AppleWebKit/537.36 (KHTML, like Gecko) Chrome/46.0.2490.80 Safari/537.36
4	3	3	2	0	26805482	26805492	0	26798096	26800460	0	303	Mozilla/5.0 (compatible; Nimbostratus-Bot/v1.3.2; http://cloudsystemnetworks.com)
4	297	0	0	9	26701091	0	26696915	26696771	0	26696780	229364	NuSOAP/0.9.11 (1.123)
4	10	0	0	0	26697094	0	0	26697093	0	0	2149	Mozilla/5.0 (Windows NT 10.0; Win64; x64) AppleWebKit/537.36 (KHTML, like Gecko) Chrome/85.0.4183.121 Safari/537.36
4	6	0	0	0	26697481	0	0	26697481	0	0	4770	WhatsApp/2.2039.9 N
4	2	2	8	0	26786428	26788744	0	26698565	26698572	0	202	Mozilla/5.0 (X11; Ubuntu; Linux x86_64; rv:58.0) Gecko/20100101 Firefox/58.0
4	0	0	0	2	0	0	26727088	0	0	26727088	0	Go-http-client/1.1
4	2	2	2	0	26790119	26790250	0	26746792	26745886	0	202	Mozilla/5.0 (compatible; NetcraftSurveyAgent/1.0; +info@netcraft.com)
4	799	0	0	13	26809953	0	26829531	26701084	0	26812305	919676	NuSOAP/0.9.5 (1.123)
4	4	0	0	0	26697522	0	0	26697521	0	0	1609	Mozilla/5.0 (Linux; Android 9; SM-G950F) AppleWebKit/537.36 (KHTML, like Gecko) Chrome/85.0.4183.127 Mobile Safari/537.36
4	40	2	0	1	26697482	0	26696760	26696759	0	26696760	14239	Mozilla/5.0 (Macintosh; Intel Mac OS X 10_15_6) AppleWebKit/537.36 (KHTML, like Gecko) Chrome/85.0.4183.121 Safari/537.36
4	7	7	5	2	26825530	26808521	26817918	26756641	26755494	26816325	0	Mozilla/5.0 (Windows NT 6.1; Win64; x64) AppleWebKit/537.36 (KHTML, like Gecko) Chrome/40.0.2214.85 Safari/537.36
5	6	0	0	17	26750106	0	26750106	26750086	0	26750083	2902	5.237.65.178
5	10	0	0	0	26697094	0	0	26697093	0	0	2149	82.145.42.105
5	46	2	0	1	26697482	0	26696760	26696759	0	26696760	19009	5.237.118.12
5	6	0	0	4	26753215	0	26753200	26753212	0	26751936	1311	5.237.77.33
5	0	0	1	0	0	26790250	0	0	26790250	0	0	167.172.252.56
5	0	0	2	0	0	26788744	0	0	26788688	0	0	62.210.10.77
5	0	0	1	0	0	26800460	0	0	26800460	0	0	209.17.96.194
5	6	6	4	2	26825530	26808521	26817918	26772390	26772145	26816325	0	138.246.253.24
5	1096	0	0	22	26809953	0	26829531	26696771	0	26696780	1149040	213.108.240.92
5	1	1	0	0	26805482	0	0	26805482	0	0	101	209.17.96.90
5	0	0	1	0	0	26698623	0	0	26698623	0	0	163.172.70.242
5	1	1	0	0	26746792	0	0	26746792	0	0	101	157.245.10.18
5	0	0	0	1	0	0	26727088	0	0	26727088	0	185.220.101.132
5	0	0	1	0	0	26788630	0	0	26788630	0	0	62.4.14.206
5	0	0	0	1	0	0	26727088	0	0	26727088	0	51.83.139.56
5	1	1	1	0	26756641	26755494	0	26756641	26755494	0	0	138.246.253.15
5	0	0	1	0	0	26698572	0	0	26698572	0	0	51.15.191.81
5	1	1	1	0	26698565	26786452	0	26698565	26786452	0	101	195.154.61.206
5	0	0	1	0	0	26805492	0	0	26805492	0	0	209.17.96.50
5	4	0	0	0	26697522	0	0	26697521	0	0	1609	204.18.192.201
5	1	1	0	0	26790119	0	0	26790119	0	0	101	167.172.245.99
5	1	1	0	0	26798096	0	0	26798096	0	0	101	209.17.96.226
5	1	1	1	0	26786428	26788677	0	26786428	26788677	0	101	212.83.146.233
5	1	1	0	0	26802131	0	0	26802131	0	0	101	209.17.97.106
5	0	0	1	0	0	26745886	0	0	26745886	0	0	167.71.96.31
5	0	0	1	0	0	26786529	0	0	26786529	0	0	195.154.62.232
5	2	0	1	0	26731043	26731042	0	26731043	26731042	0	202	192.95.30.65
z	0	8	7	26825530	0
z	2	42	2	26753214	3780
z	3	539	7	26809953	318795
z	4	595	0	26806764	854354
c	200	1184	26825530
c	301	13	26808521
c	302	5	26788744
c	403	4	26750099
c	404	15	26829531
c	500	29	26753200
